-4.166666666666629312e-03
-4.166666666666629312e-03
-4.166666666666651864e-03
-4.166666666666651864e-03
-6.249999999999977796e-03
-4.166666666666629312e-03
-4.166666666666629312e-03
8.333333333333369647e-03
8.333333333333369647e-03
-6.249999999999977796e-03
-6.249999999999977796e-03
4.440892098500626408e-17
-2.083333333333325932e-03
-1.041666666666662966e-02
-6.249999999999977796e-03
0.000000000000000000e+00
6.250000000000044582e-03
-2.291666666666660607e-02
0.000000000000000000e+00
-6.249999999999977796e-03
4.166666666666696099e-03
-4.166666666666651864e-03
2.083333333333370167e-03
-8.333333333333303727e-03
-8.333333333333303727e-03
-6.249999999999977796e-03
-4.166666666666651864e-03
4.166666666666674415e-03
2.083333333333348050e-03
2.220446049250313204e-17
-6.249999999999977796e-03
-4.166666666666651864e-03
1.666666666666671848e-02
-1.458333333333328152e-02
-1.458333333333328152e-02
-4.166666666666651864e-03
-4.166666666666651864e-03
-2.916666666666662897e-02
-2.916666666666662897e-02
-1.249999999999995559e-02
-1.249999999999995559e-02
-2.083333333333325932e-03
-2.083333333333325932e-03
3.958333333333339393e-02
3.958333333333339393e-02
2.083333333333370167e-03
2.083333333333370167e-03
6.250000000000044582e-03
6.250000000000044582e-03
0.000000000000000000e+00
0.000000000000000000e+00
-1.458333333333330407e-02
-6.249999999999977796e-03
0.000000000000000000e+00
-2.083333333333281696e-03
-1.874999999999993339e-02
