2.094405594405596149e-02
1.437062937062935815e-02
2.202797202797211577e-03
4.370629370629370083e-03
3.671328671328669135e-02
2.363636363636365326e-02
1.706293706293704818e-02
1.174825174825175345e-02
1.832167832167831689e-02
2.202797202797188159e-03
4.370629370629373553e-03
6.010489510489520903e-02
5.590909090909101931e-02
7.797202797202799907e-03
7.377622377622372954e-03
3.251748251748255540e-03
6.608391608391614783e-03
1.034965034965034184e-02
3.321678321678320916e-03
6.223776223776230493e-03
5.594405594405594401e-04
1.363636363636363310e-03
2.867132867132870383e-03
5.594405594405611748e-04
1.601398601398600421e-02
1.265734265734264063e-02
2.657342657342661677e-03
1.293706293706293597e-03
1.202797202797201148e-02
4.160839160839156607e-03
1.013986013986030790e-03
3.262237762237759492e-02
3.094405594405592527e-02
1.321678321678321569e-02
6.643356643356637496e-03
3.496503496503962707e-05
6.538461538461538131e-03
1.167832167832165424e-02
5.104895104895109011e-03
2.048951048951047973e-02
1.391608391608392323e-02
3.496503496503504307e-03
3.076923076923073451e-03
2.384615384615382250e-02
1.727272727272727293e-02
1.461538461538463250e-02
8.041958041958048239e-03
2.283216783216786283e-02
1.625874125874126469e-02
1.069930069930073550e-02
6.398601398601402174e-03
3.531468531468533872e-02
5.664335664335662379e-03
5.034965034965026287e-03
8.321678321678370460e-03
3.290209790209784602e-02
