3.516281192046845361e-02
1.880760988389270499e-02
1.543014641058367171e-02
1.345543252239196283e-02
4.397994826491555265e-02
1.381672393924588543e-02
2.849823275808379894e-02
4.029323142459979162e-03
1.216247626190659036e-02
1.602916377850232025e-03
5.492200182558245464e-03
4.117326056976043647e-02
5.006670630006227612e-02
7.681466733474892443e-03
2.758434634324646775e-03
5.553958221877422149e-03
2.374137820126248979e-02
2.825466636860549541e-03
8.970588497266585373e-03
7.848986292681247798e-03
7.203312728926106884e-03
4.864897071605627649e-03
2.651545486346345952e-03
7.181003815016187390e-03
1.034954557596653828e-02
5.122474276615814580e-03
9.654035733312331044e-03
8.881974530521655198e-03
1.446922034865835878e-02
9.758508620962391689e-03
2.735969256755151763e-02
2.392473558005578371e-02
4.250491456590833883e-02
1.304195594291912390e-02
1.067814528753292108e-02
1.314250722952702531e-02
1.180719676532104856e-02
9.241564353597145343e-03
6.325165196777521141e-03
9.518488769007188086e-03
6.669854776113255494e-03
8.380011177403650507e-03
8.317834656495914566e-03
3.708491662291821256e-02
3.135071588539101867e-02
7.437012134948405538e-03
1.696266870738609434e-02
1.834574900711693352e-02
2.522882534876592919e-02
2.556982927348925780e-02
1.662269211556963167e-02
6.696857204194445190e-02
1.820881977826785750e-02
2.881414574037545126e-02
3.158817246369706455e-02
6.171122807206025351e-02
