7.500000000000002498e-02
7.500000000000002498e-02
3.624999999999999889e-01
3.624999999999999889e-01
4.166666666666665048e-02
2.104166666666666408e-01
2.104166666666666408e-01
3.437500000000000000e-01
3.437500000000000000e-01
2.083333333333333148e-01
2.083333333333333148e-01
6.041666666666667407e-02
3.958333333333332454e-02
3.854166666666666297e-01
2.687499999999999889e-01
2.479166666666666463e-01
1.645833333333333315e-01
1.875000000000000000e-01
3.062500000000000222e-01
3.854166666666666852e-01
8.541666666666666852e-02
1.812500000000000222e-01
7.083333333333334536e-02
3.104166666666666741e-01
2.937500000000000111e-01
3.791666666666667074e-01
1.791666666666666408e-01
3.958333333333330373e-02
3.104166666666666186e-01
3.166666666666667074e-01
2.291666666666665117e-02
2.708333333333334814e-02
1.249999999999997814e-02
2.041666666666666907e-01
2.041666666666666907e-01
3.854166666666666852e-01
3.854166666666666852e-01
1.437500000000000167e-01
1.437500000000000167e-01
4.104166666666667074e-01
4.104166666666667074e-01
2.124999999999999944e-01
2.124999999999999944e-01
5.833333333333332732e-02
5.833333333333332732e-02
1.645833333333333592e-01
1.645833333333333592e-01
3.812499999999999778e-01
3.812499999999999778e-01
3.541666666666665186e-02
2.916666666666669488e-02
7.083333333333334536e-02
2.291666666666665117e-02
7.708333333333335091e-02
5.000000000000000278e-02
1.437499999999999889e-01
